25
-2.50000000,-2.16506362,0.00000000
-1.50000000,-2.16506362,0.00000000
-0.50000000,-2.16506362,0.00000000
0.50000000,-2.16506362,0.00000000
1.50000000,-2.16506362,0.00000000
-2.00000000,-1.29903805,0.00000000
-1.00000000,-1.29903805,0.00000000
0.00000000,-1.29903805,0.00000000
1.00000000,-1.29903805,0.00000000
2.00000000,-1.29903805,0.00000000
-2.50000000,-0.43301269,0.00000000
-1.50000000,-0.43301269,0.00000000
-0.50000000,-0.43301269,0.00000000
0.50000000,-0.43301269,0.00000000
1.50000000,-0.43301269,0.00000000
-2.00000000,0.43301269,0.00000000
-1.00000000,0.43301269,0.00000000
0.00000000,0.43301269,0.00000000
1.00000000,0.43301269,0.00000000
2.00000000,0.43301269,0.00000000
-2.50000000,1.29903805,0.00000000
-1.50000000,1.29903805,0.00000000
-0.50000000,1.29903805,0.00000000
0.50000000,1.29903805,0.00000000
1.50000000,1.29903805,0.00000000
56
1,0,0
2,1,0
3,2,0
4,3,0
5,0,0
5,1,0
6,1,0
6,2,0
6,5,0
7,2,0
7,3,0
7,6,0
8,3,0
8,4,0
8,7,0
9,4,0
9,8,0
10,5,0
11,5,0
11,6,0
11,10,0
12,6,0
12,7,0
12,11,0
13,7,0
13,8,0
13,12,0
14,8,0
14,9,0
14,13,0
15,10,0
15,11,0
16,11,0
16,12,0
16,15,0
17,12,0
17,13,0
17,16,0
18,13,0
18,14,0
18,17,0
19,14,0
19,18,0
20,15,0
21,15,0
21,16,0
21,20,0
22,16,0
22,17,0
22,21,0
23,17,0
23,18,0
23,22,0
24,18,0
24,19,0
24,23,0
40
5,1,6,2
6,2,7,3
7,3,8,4
0,5,1,6
10,5,11,6
11,5,6,1
1,6,2,7
11,6,12,7
12,6,7,2
2,7,3,8
12,7,13,8
13,7,8,3
3,8,4,9
13,8,14,9
14,8,9,4
15,10,11,5
5,11,6,12
15,11,16,12
16,11,12,6
6,12,7,13
16,12,17,13
17,12,13,7
7,13,8,14
17,13,18,14
18,13,14,8
10,15,11,16
20,15,21,16
21,15,16,11
11,16,12,17
21,16,22,17
22,16,17,12
12,17,13,18
22,17,23,18
23,17,18,13
13,18,14,19
23,18,24,19
24,18,19,14
15,21,16,22
16,22,17,23
17,23,18,24
0
0
0
0
0
0
0
0
0
0
0
0
0
0
0
0
0
0
0
0
0
0
0
0
0
